Day fraction since midnight on 	200 kPa (Pa)	DO probe (mg/L)	Source Pressure (Pa)	air valve control ()
0.605205764	15311.89355	8.725440025	32292.00391	0
0.605217336	15299.03027	8.72281456	32292.00391	0
0.605228927	15296.97461	8.725832939	32292.00391	0
0.605240496	15279.80957	8.725968361	32299.24219	0
0.605252072	15284.21289	8.726344109	32299.24219	0
0.605263653	15271.37695	8.727396965	32299.24219	0
0.605275227	15247.75098	8.725775719	32299.24219	0
0.605286791	15303.38672	8.729840279	32299.24219	0
0.605298363	15252.06348	8.728658676	32281.67578	0
0.605309933	15273.37012	8.731030464	32281.67578	0
0.605321527	15282.04102	8.730753899	32281.67578	0
0.605333091	15271.26563	8.728991509	32281.67578	0
0.605344654	15296.89551	8.726166725	32281.67578	0
0.605356239	15284.14941	8.731422424	32287.93359	0
0.605367834	15277.70703	8.728457451	32287.93359	0
0.605379375	15279.80859	8.730577469	32287.93359	0
0.60539098	15288.38867	8.732271195	32287.93359	0
0.605402546	15279.90234	8.730621338	32287.93359	0
0.605414099	15277.88867	8.731074333	32255.17383	0
0.605425693	15283.98047	8.7270298	32255.17383	0
0.605437261	15290.45313	8.728204727	32255.17383	0
0.605448827	15264.87793	8.729315758	32255.17383	0
0.605460403	15271.34863	8.727994919	32255.17383	0
0.605471992	15303.43066	8.727268219	32293.87109	0
0.60548355	15262.76953	8.724181175	32293.87109	0
0.605495135	15318.39453	8.721419334	32293.87109	0
0.605506692	15275.59766	8.713463783	32293.87109	0
0.605518268	15314.16797	8.724367142	32293.87109	0
0.605529863	15373.72461	8.723540306	32257.89844	0
0.60554142	15635.59668	8.723893166	32257.89844	0
0.605552989	16601.95508	8.728334427	32257.89844	0
0.605564567	18303.61523	8.729701042	32257.89844	0
0.605576138	19730.46289	8.728068352	32257.89844	0
0.605587725	20367.06055	8.7303648	32220.61133	0
0.605599307	20760.44922	8.732004166	32220.61133	0
0.60561086	21320.45117	8.732928276	32220.61133	0
0.605622437	22199.625	8.734567642	32220.61133	0
0.605634031	23381.5625	8.735949516	32220.61133	0
0.605645592	24445.99414	8.737200737	32226.96484	0
0.605657158	25152.08008	8.735163689	32226.96484	0
0.605668754	25645.89063	8.737923622	32226.96484	0
0.605680316	25981.38477	8.738516808	32226.96484	0
0.605691902	26312.95508	8.738451958	32226.96484	0
0.605703457	26696.69727	8.738384247	32197.01172	0
0.605715028	27171.34766	8.741147995	32197.01172	0
0.605726609	27861.6543	8.740098953	32197.01172	0
0.605738176	28628.36133	8.7385149	32197.01172	0
0.605749755	29226.29883	8.73733139	32197.01172	0
0.605761366	29753.58594	8.737199783	32137.27148	0
0.605772901	30128.87695	8.723863602	32137.27148	0
0.605784481	30547.94922	8.736082077	32137.27148	0
0.605796064	30746.83398	8.735490799	32137.27148	0
0.605807633	30914.14258	8.733193398	32137.27148	0
0.605819198	31022.4082	8.731865883	32082.4082	0
0.60583079	31112.8125	8.726306915	32082.4082	0
0.605842364	31225.84375	8.71479702	32082.4082	0
0.605853932	31313.45898	8.699989319	32082.4082	0
0.605865506	31403.41211	8.679412842	32082.4082	0
0.605877072	31443.76172	8.661895752	32052.68164	0
0.605888641	31497.08203	8.647350311	32052.68164	0
0.605900236	31653.31445	8.652277947	32052.68164	0
0.605911822	31638.35156	8.661354065	32052.68164	0
0.605923374	31630.09961	8.680437088	32052.68164	0
0.605934959	31663.97656	8.697178841	32026.91602	0
0.605946537	31688.39844	8.717443466	32026.91602	0
0.605958096	31713.1582	8.725961685	32026.91602	0
0.605969676	31798.86914	8.730096817	32026.91602	0
0.605981253	31753.96875	8.733651161	32026.91602	0
0.60599283	31671.07813	8.735816956	31957.91992	0
0.606004406	31777.70703	8.737661362	31957.91992	0
0.606015986	31797.17969	8.731472969	31957.91992	0
0.606027543	31794.60156	8.725486755	31957.91992	0
0.606039133	31717.79883	8.737662315	31957.91992	0
0.606050709	31745.4375	8.737662315	31893.95117	0
0.606062268	31664.14453	8.738583565	31893.95117	0
0.606073852	31730.24023	8.739636421	31893.95117	0
0.606085424	31695.67188	8.740821838	31893.95117	0
0.606096992	31651.33203	8.741352081	31893.95117	0
0.606108577	31670.25195	8.741938591	31825.63477	0
0.606120135	31636.36719	8.74319458	31825.63477	0
0.606131729	31676.64258	8.744441032	31825.63477	0
0.60614329	31661.68555	8.744443893	31825.63477	0
0.606154867	31591.74023	8.745179176	31825.63477	0
0.606166432	31638.1875	8.744968414	31746.32422	0
0.606178008	31585.1875	8.744449616	31746.32422	0
0.606189581	31619.39648	8.742012024	31746.32422	0
0.606201168	31576.37109	8.741809845	31746.32422	0
0.606212725	31570.20508	8.740628243	31746.32422	0
0.606224314	31529.01172	8.740952492	31714.22461	0
0.606235873	31555.36719	8.73891449	31714.22461	0
0.606247451	31514.27344	8.739174843	31714.22461	0
0.606259025	31542.05273	8.739307404	31714.22461	0
0.606270592	31518.67383	8.737863541	31714.22461	0
0.606282187	31503.40234	8.741746903	31635.18359	0
0.606293744	31448.18945	8.745503426	31635.18359	0
0.606305329	31482.32227	8.740098953	31635.18359	0
0.606316892	31488.63281	8.740950584	31635.18359	0
0.606328479	31465.30664	8.740561485	31635.18359	0
0.606340042	31450.3418	8.740034103	31573.57813	0
0.606351618	31431.01367	8.739175797	31573.57813	0
0.606363187	31454.35547	8.741409302	31573.57813	0
0.606374777	31418.13086	8.741611481	31573.57813	0
0.606386336	31398.82617	8.741477966	31573.57813	0
0.606397918	31405.37695	8.740364075	31490.86133	0
0.60640949	31407.25781	8.74213028	31490.86133	0
0.606421078	31386.14063	8.743322372	31490.86133	0
0.606432635	31383.99219	8.744114876	31490.86133	0
0.606444215	31386.24805	8.750855446	31490.86133	0
0.60645579	31362.75586	8.753014565	31414.18164	0
0.60646737	31339.17383	8.737269402	31414.18164	0
0.606478946	31313.52148	8.66781807	31414.18164	0
0.606490504	31317.7832	8.436135292	31414.18164	0
0.606502087	31313.48438	8.079349518	31414.18164	0
0.606513665	31334.89258	7.671998501	31364.70313	0
0.606525236	31334.76172	7.235721588	31364.70313	0
0.606536816	31287.8457	6.75885725	31364.70313	0
0.606548375	31300.64453	6.251989365	31364.70313	0
0.60655996	31309.19141	5.794523239	31364.70313	NaN
0.606571522	31289.95898	5.324363232	31322.24609	0
0.606583106	31272.86133	4.865835667	31322.24609	0
0.606594673	31260.02539	4.471597672	31322.24609	0
0.606606274	31236.51172	4.058475971	31322.24609	0
0.60661782	31266.42773	3.696211338	31322.24609	0
0.606629402	31236.52344	3.372141123	31242.2207	0
0.606640983	31268.59375	3.085977078	31242.2207	NaN
0.606652548	31262.16406	2.801809788	31242.2207	NaN
0.606664125	31264.3125	2.559417963	31242.2207	NaN
0.606675706	31255.74219	2.295691252	31242.2207	0
0.606687282	31270.72461	2.099776506	31195.32813	NaN
0.606698838	31208.70117	1.938078523	31195.32813	NaN
0.606710433	31208.73828	1.780930638	31195.32813	NaN
0.606721988	31204.41406	1.58880055	31195.32813	0
0.606733568	31193.76172	1.461678863	31195.32813	NaN
0.60674515	31219.38281	1.338552356	31163.94922	NaN
0.606756718	31232.25	1.253386498	31163.94922	NaN
0.606768288	31193.78125	1.134892345	31163.94922	NaN
0.606779857	31174.63281	1.025326371	31163.94922	0
0.606791434	31155.0625	0.959551871	31163.94922	NaN
0.606803024	31178.94727	0.863288522	31077.02734	NaN
0.606814582	31142.41211	0.830454469	31077.02734	NaN
0.606826156	31172.25781	0.779849172	31077.02734	NaN
0.606837733	31069.86914	0.701382637	31077.02734	NaN
0.606849321	31121.0293	0.670213401	31077.02734	NaN
0.606860881	31044.21094	0.647328675	31064.16992	0
0.606872463	31076.05859	0.594241858	31064.16992	NaN
0.606884035	31085.00391	0.548057914	31064.16992	NaN
0.606895609	31044.04688	0.524519801	31064.16992	0
0.606907187	31001.07422	0.500230908	31064.16992	0
0.606918757	31008.08203	0.48013705	31024.65625	NaN
0.606930343	30994.85938	0.474109203	31024.65625	0
0.606941917	31007.43164	0.42887193	31024.65625	NaN
0.60695348	30980.11328	0.386808366	31024.65625	0
0.606965067	30977.87109	0.375710219	31024.65625	0
0.606976626	30984.29102	0.357424974	30970.64453	NaN
0.606988206	30986.08008	0.342167616	30970.64453	NaN
0.606999774	30980.54297	0.329360873	30970.64453	0
0.607011353	30984.28516	0.311184824	30970.64453	NaN
0.607022938	30954.25	0.300841749	30970.64453	NaN
0.607034499	30952.3457	0.295874834	30933.72656	0
0.607046078	30951.875	0.303905338	30933.72656	NaN
0.607057654	30934.97656	0.273926377	30933.72656	0
0.607069218	30915.89063	0.242310509	30933.72656	0
0.607080795	30877.11328	0.207139537	30933.72656	0
0.607092368	30873.29102	0.205588937	30865.44531	NaN
0.607103944	30905.20117	0.19152236	30865.44531	NaN
0.60711553	30892.25	0.182577804	30865.44531	NaN
0.607127084	30932.97656	0.17968002	30865.44531	NaN
0.607138684	30926.43555	0.176851571	30865.44531	NaN
0.607150254	30924.55078	0.17737639	30816.08984	NaN
0.60716181	30866.5625	0.17671974	30816.08984	NaN
0.60717339	30866.69922	0.176258981	30816.08984	NaN
0.607184986	30869.15625	0.176455528	30816.08984	NaN
0.607196537	30871.45117	0.175929397	30816.08984	0
0.60720811	30837.10938	0.17422083	30787.35352	NaN
0.607219683	30807.22461	0.174680874	30787.35352	NaN
0.607231272	30819.50977	0.174219146	30787.35352	NaN
0.607242829	30821.83984	0.174417198	30787.35352	NaN
0.607254427	30727.77539	0.174351409	30787.35352	0
0.607265985	30798.11914	0.174219266	30750.58594	NaN
0.607277569	30744.67773	0.175732598	30750.58594	0
0.607289137	30701.91406	0.175732777	30750.58594	0
0.607300726	30704.45898	0.176390037	30750.58594	0
0.607312303	30695.26367	0.176654667	30750.58594	0
0.60732387	30725.21875	0.177049696	30718.13672	NaN
0.607335448	30712.81445	0.17612733	30718.13672	NaN
0.607347019	30743.12891	0.175535336	30718.13672	0
0.607358591	30710.45313	0.174350798	30718.13672	0
0.607370155	30695.93359	0.173365414	30718.13672	NaN
0.607381724	30682.87109	0.172575295	30709.36523	0
0.607393316	30667.91602	0.172904044	30709.36523	0
0.607404877	30618.99414	0.173036903	30709.36523	0
0.60741644	30687.15234	0.172969908	30709.36523	0
0.607428038	30627.8125	0.172708824	30709.36523	0
0.607439624	30539.95508	0.172971055	30725.03711	0
0.607451174	30569.2793	0.171850264	30725.03711	0
0.607462751	30532.40625	0.16690807	30725.03711	0
0.607474337	30565.00195	0.164151937	30725.03711	0
0.607485892	30505.13477	0.161782995	30725.03711	0
0.607497487	30492.6543	0.163499385	30718.15039	0
0.607509053	30524.68164	0.16724807	30718.15039	0
0.60752063	30494.47852	0.169086903	30718.15039	0
0.607532204	30517.40625	0.168752566	30718.15039	0
0.607543771	30506.35742	0.166600525	30718.15039	0
0.60755535	30522	0.164607942	30698.21094	0
0.607566923	30447.72461	0.163300902	30698.21094	0
0.607578499	30400.7168	0.154750347	30698.21094	0
0.607590075	30448.91016	0.152026415	30698.21094	0
0.607601644	30353.68945	0.145410821	30698.21094	0
0.607613227	30338	0.137882426	30707.2207	0
0.607624794	30407.77344	0.132357091	30707.2207	0
0.607636381	30351.19336	0.127962709	30707.2207	0
0.607647943	30305.30664	0.132291466	30707.2207	0
0.607659515	30337.27148	0.129486814	30707.2207	0
0.607671077	30374.67969	0.132634789	30687.49023	0
0.607682646	30296.125	0.137609482	30687.49023	0
0.607694232	30268.16992	0.131599307	30687.49023	0
0.607705799	30321.97852	0.136941582	30687.49023	0
0.607717379	30276.71094	0.123246312	30687.49023	0
0.607728949	30271.07617	0.118424937	30649.32422	0
0.607740529	30160.4375	0.107670084	30649.32422	0
0.607752097	30247.62109	0.104623362	30649.32422	0
0.607763668	30196.35547	0.100549534	30649.32422	0
0.607775252	30167.26367	0.094932154	30649.32422	0
0.607786817	30187.34961	0.096968979	30650.82422	0
0.607798395	30189.92773	0.089205936	30650.82422	0
0.607809973	30114.73242	0.087765262	30650.82422	0
0.60782157	30055.56836	0.089501992	30650.82422	0
0.607833131	30108.42578	0.088530809	30650.82422	0
0.607844693	30127.09766	0.083389476	30621.31641	0
0.607856262	30076.71289	0.075641781	30621.31641	0
0.607867855	30005.23633	0.077405118	30621.31641	0
0.607879424	30047.78516	0.072701499	30621.31641	0
0.607890985	30000.98828	0.076023437	30621.31641	0
0.607902572	30090.71875	0.07779906	30531.46094	0
0.607914158	29953.91602	0.073590271	30531.46094	0
0.607925705	29997.69727	0.069924951	30531.46094	0
0.607937295	29938.94727	0.064315818	30531.46094	0
0.607948865	29924.52734	0.065807238	30531.46094	0
0.607960429	29919.75195	0.059909992	30450.38281	0
0.607972011	29943.75	0.056011222	30450.38281	0
0.607983591	29903.72266	0.048627369	30450.38281	0
0.607995161	29877.52734	0.046610475	30450.38281	0
0.608006741	29790.29297	0.047970001	30450.38281	0
0.608018301	29802.18164	0.045309581	30299.32813	0
0.60802989	29909.02734	0.04912407	30299.32813	0
0.608041448	29835.21289	0.051260401	30299.32813	0
0.608053023	29741.69531	0.049731355	30299.32813	0
0.608064614	29766.4043	0.047070812	30299.32813	0
0.608076176	29678.14258	0.050571065	30165.125	0
0.608087764	29617.625	0.05104718	30165.125	0
0.608099321	29611.04883	0.05060526	30165.125	0
0.608110908	29563.39648	0.056011282	30165.125	0
0.60812248	29687.31641	0.048320416	30165.125	0
0.608134045	29661.04492	0.044454336	30006.96289	0
0.608145627	29560.5625	0.068924569	30006.96289	0
0.608157191	29595.45703	0.060614135	30006.96289	0
0.608168775	29510.71484	0.055125341	30006.96289	0
0.608180349	29532.70898	0.052296542	30006.96289	0
0.608191927	29509.31055	0.05338319	29923.40039	0
0.608203489	29469.33398	0.063970633	29923.40039	0
0.608215071	29482.93359	0.036506664	29923.40039	0
0.60822666	29434.40234	0.033300359	29923.40039	0
0.60823823	29415.92969	0.035105597	29923.40039	0
0.608249799	29355.3457	0.044912931	29870.90039	0
0.608261365	29358.98047	0.058622643	29870.90039	0
0.608272948	29371.67578	0.0416377	29870.90039	0
0.608284515	29353.97852	0.0271507	29870.90039	0
0.608296101	29304.55859	0.036054209	29870.90039	0
0.608307669	29341.73828	0.048875872	29806.37109	0
0.608319228	29282.6543	0.032287214	29806.37109	0
0.608330818	29327.51953	0.04162921	29806.37109	0
0.608342395	29289.59961	0.073644571	29806.37109	0
0.608353971	29114.18555	0.042833906	29806.37109	0
0.608365534	29096.61523	0.038206853	29752.41406	0
0.608377112	29106.44141	0.043480624	29752.41406	0
0.608388683	29216.95117	0.020162473	29752.41406	0
0.608400273	29131.70117	0.048252754	29752.41406	0
0.608411843	29196.64844	0.055205766	29752.41406	0
0.608423425	29050.01172	0.027892949	29705.67188	0
0.608434976	29082.09766	0.044876449	29705.67188	0
0.608446546	29033.36523	0.034251016	29705.67188	0
0.608458135	29022.73633	0.030898431	29705.67188	0
0.608469707	29065.45898	0.037734717	29705.67188	0
0.60848129	28956.77148	0.048682392	29616.80078	0
0.608492861	29036.81055	0.025577106	29616.80078	0
0.608504434	28926	0.016950451	29616.80078	0
0.608515989	28925.60742	0.070371628	29616.80078	0
0.608527582	28835.82813	0.029129069	29616.80078	0
0.608539154	28936.96289	0.020240791	29554.66797	0
0.608550726	28921.30078	0.031630084	29554.66797	0
0.608562308	28847.49219	0.024783747	29554.66797	0
0.608573879	28773.69141	0.024712773	29554.66797	0
0.608585444	28786.45117	0.014197925	29554.66797	0
0.608597015	28695.73047	0.021561431	29481.20117	0
0.608608604	28653.01758	0.014001979	29481.20117	0
0.608620176	28777.93359	0.034241747	29481.20117	0
0.608631753	28657.41406	0.016838722	29481.20117	0
0.608643331	28646.63477	0.009726546	29481.20117	0
0.608654909	28622.04688	0.006569545	29416.46094	0
0.608666474	28577.15625	0.025931194	29416.46094	0
0.608678045	28712.8418	0.011898154	29416.46094	0
0.608689632	28519.4375	0.010977715	29416.46094	0
0.608701204	28512.98828	0.010385722	29416.46094	0
0.608712769	28525.82813	0.012490328	29360.80469	0
0.608724346	28430.49023	0.01262427	29360.80469	0
0.608735916	28433.99609	0.011240242	29360.80469	0
0.608747494	28482.9668	0.010714045	29360.80469	0
0.60875905	28432.62695	0.01236048	29360.80469	0
0.608770634	28489.44922	0.002031887	29338.08008	0
0.608782218	28416.63477	-0.003439754	29338.08008	0
0.60879379	28364.31641	0.014000474	29338.08008	0
0.608805364	28428.48633	0.051699009	29338.08008	0
0.608816933	28396.37891	0.017754825	29338.08008	0
0.608828509	28330.83789	0.011965938	29284.50977	0
0.60884008	28177.64648	0.012948561	29284.50977	0
0.608851661	28295.66016	0.009265062	29284.50977	0
0.608863245	28336.47656	0.009264762	29284.50977	0
0.608874814	28277.54883	0.016243657	29284.50977	0
0.608886388	28110.99414	-0.000602168	29191.33008	0
0.608897955	28181.60938	0.009529275	29191.33008	0
0.608909522	28091.76953	0.011503311	29191.33008	0
0.608921103	28110.62109	0.008080893	29191.33008	0
0.608932695	28159.28516	0.055088136	29191.33008	0
0.608944261	28099.46289	0.002953529	29140.00391	0
0.60895584	28072.97656	0.002942452	29140.00391	0
0.608967399	28036.63867	0.004798198	29140.00391	0
0.608978981	28062.28516	-0.029396413	29140.00391	0
0.608990549	28074.63867	0.039992649	29140.00391	0
0.609002126	27989.52148	0.024474386	29075.67188	0
0.609013688	28020.375	0.007026574	29075.67188	0
0.609025283	28025.95117	-0.000788603	29075.67188	0
0.609036844	28028.48633	-0.014753318	29075.67188	0
0.609048413	27878.54688	0.072414406	29075.67188	0
0.609059994	27855.25781	-0.02784762	29045.91797	0
0.609071555	27880.64258	-0.00684989	29045.91797	0
0.609083132	27920.22852	0.016440447	29045.91797	0
0.609094714	27886.5293	0.012490148	29045.91797	0
0.609106276	27867.83008	-0.045217957	29045.91797	0
0.609117854	27812.44141	0.001427974	29011.20508	0
0.609129439	27786.16406	-0.014655074	29011.20508	0
0.60914101	27782.40039	-0.028791416	29011.20508	0
0.609152581	27672.02734	0.024702298	29011.20508	0
0.609164166	27657.00586	0.032103609	29011.20508	0
0.609175729	27648.48242	-0.015324183	28919.04102	0
0.609187314	27694.81641	-0.050899029	28919.04102	0
0.609198882	27697.65234	0.018930746	28919.04102	0
0.609210452	27551.01367	-0.003741891	28919.04102	0
0.609222049	27714.02734	0.00453212	28919.04102	0
0.609233604	27599.90234	0.001228776	28896.2168	0
0.609245176	27647.81055	0.004338942	28896.2168	0
0.609256742	27572.36133	-0.008995674	28896.2168	0
0.609268322	27587.07617	0.011830551	28896.2168	0
0.609279911	27538.00781	0.002426249	28896.2168	0
0.609291486	27532.25391	0.001958685	28861.66406	0
0.609303063	27449.41016	0.022231683	28861.66406	0
0.609314618	27482.17383	0.035208177	28861.66406	0
0.609326192	27432.92188	0.005263293	28861.66406	0
0.609337774	27471.20898	0.002933363	28861.66406	0
0.609349337	27374.32422	0.001512312	28796.28516	0
0.609360931	27334.32227	-0.046168435	28796.28516	0
0.609372492	27396.87891	-0.007704291	28796.28516	0
0.609384064	27303.81055	0.016496131	28796.28516	0
0.609395643	27258.42773	-0.036866531	28796.28516	0
0.609407224	27276.63477	0.027239012	28741.25391	0
0.60941881	27323.62109	-0.052280407	28741.25391	0
0.609430387	27233.30469	0.034212548	28741.25391	0
0.609441943	27222.61133	0.004591355	28741.25391	0
0.60945352	27180.31641	-0.009306841	28741.25391	0
0.60946508	27237.58594	-0.054115746	28697.74805	0
0.609476664	27103.94727	0.002227412	28697.74805	0
0.609488244	27177.67383	-0.006535834	28697.74805	0
0.609499818	27101.08984	-0.004307097	28697.74805	0
0.609511378	27094.41797	-0.019932393	28697.74805	0
0.609522963	27008.16602	0.017012576	28638.45313	0
0.609534539	27135.33984	-0.006424045	28638.45313	0
0.609546116	27149.83203	0.01445088	28638.45313	0
0.609557687	27088.01758	0.001564865	28638.45313	0
0.60956925	27069.26758	-0.030390654	28638.45313	0
0.609580834	27095.86719	-0.047209811	28595.13672	0
0.609592402	27015.80664	-0.030397456	28595.13672	0
0.609603979	27042.38867	0.014449555	28595.13672	0
0.60961555	27015.38281	0.015565639	28595.13672	0
0.609627122	26982.89844	0.077192135	28595.13672	0
0.609638707	27033.83008	-0.002315001	28437.42773	0
0.609650271	26913.22266	-0.041108493	28437.42773	0
0.609661849	26985.48828	0.0131483	28437.42773	0
0.609673433	26859.78516	-0.011049352	28437.42773	0
0.609685003	26934.60352	0.000784148	28437.42773	0
0.609696571	26853.38867	-0.015919788	28139.66992	0
0.609708155	26907.22266	0.011569289	28139.66992	0
0.60971971	26851.38086	0.005111833	28139.66992	0
0.60973129	26808.13672	-0.009137983	28139.66992	0
0.609742875	26940.125	0.013807717	28139.66992	0
0.609754456	26854.89258	-0.102170631	27909.76563	0
0.609766028	26880.37891	0.053467646	27909.76563	0
0.609777588	26814.92383	0.016821506	27909.76563	0
0.609789162	26726.79688	0.006957767	27909.76563	0
0.609800739	26817.41406	-0.011126587	27909.76563	0
0.609812326	26733.6875	-0.000135929	27689.95703	0
0.609823885	26681.80469	0.005706597	27689.95703	0
0.609835462	26758.64258	0.002565729	27689.95703	0
0.609847026	26703.22852	-0.002596009	27689.95703	0
0.609858619	26700.37305	-0.00294149	27689.95703	0
0.609870205	26695.54102	-0.000600422	27479.51953	0
0.609881753	26671.39844	-0.003418022	27479.51953	0
0.609893328	26724.98438	-0.00088757	27479.51953	0
0.609904897	26643.63281	-0.002103644	27479.51953	0
0.609916481	26646.35352	0.000320498	27479.51953	0
0.609928056	26670.47266	-0.007654928	27286.4668	0
0.609939638	26659.18555	-0.012970474	27286.4668	0
0.609951194	26584.62695	-0.003961918	27286.4668	0
0.609962777	26591.04297	-0.017654955	27286.4668	0
0.60997435	26630.22461	-0.025875993	27286.4668	0
0.609985938	26573.39063	0.000390027	27100.29883	0
0.609997492	26588.63086	0.001965367	27100.29883	0
0.61000907	26504.07227	0.002609855	27100.29883	0
0.610020661	26532.2832	0.004209214	27100.29883	0
0.610032233	26519.70313	0.00216926	27100.29883	0
0.610043796	26468.66406	0.001311609	26872.49414	0
0.610055384	26481.49023	-0.004410338	26872.49414	0
0.610066946	26445.58203	0.000776624	26872.49414	0
0.61007853	26511.88672	0.004067446	26872.49414	0
0.610090098	26479.35547	0.00137554	26872.49414	0
0.610101674	26460.33984	-0.046122864	26654.56836	0
0.610113241	26468.67383	0.017082406	26654.56836	0
0.610124826	26473.62891	-0.000741889	26654.56836	0
0.6101364	26363.01758	-0.025836682	26654.56836	0
0.610147966	26406.66797	-0.008820013	26654.56836	0
0.610159558	26428.05664	0.00256001	26439.27734	0
0.61017112	26396.58203	0.007948035	26439.27734	NaN
0.610182684	26393.66016	-0.003155917	26439.27734	0
0.610194259	26366.63867	-0.00028167	26439.27734	0
0.61020584	26377.13281	-0.001855565	26439.27734	0
0.610217412	26428.06445	-0.008161078	26311.26953	NaN
0.610228987	26338.8125	0.0010362	26311.26953	NaN
0.610240567	26349.6875	0.008144463	26311.26953	NaN
0.610252129	26387.05469	0.002107196	26311.26953	NaN
0.610263714	26274.16797	0.00190258	26311.26953	0
0.610275272	26298.00195	-0.001722706	26327.31055	0
0.610286853	26340.7832	-0.003830504	26327.31055	0
0.610298425	26335.99219	0.005718155	26327.31055	0
0.610309993	26250.38672	0.032065984	26327.31055	0
0.610321581	26289.44727	-0.037126105	26327.31055	0
0.610333151	26329.57031	0.011815561	26380.89844	0
0.610344726	26287.76563	0.018550772	26380.89844	0
0.61035631	26255.08398	-0.004087613	26380.89844	0
0.610367873	26248.25195	-0.019775154	26380.89844	0
0.610379473	26295.69922	-0.065806218	26380.89844	0
0.61039103	26255.22461	-0.064648055	26437.97656	0
0.610402591	26223.25781	0.01181514	26437.97656	0
0.610414161	26186.42969	-0.004679306	26437.97656	0
0.610425738	26221.12695	0.025785996	26437.97656	0
0.610437321	26195.21484	0.001241779	26437.97656	0
0.610448917	26216.34375	0.001380898	26519.04297	0
0.610460463	26143.69336	0.000723348	26519.04297	0
0.610472053	26182.82813	-0.000487128	26519.04297	0
0.61048364	26126.43945	-0.008530638	26519.04297	0
0.610495201	26169.44922	0.004073346	26519.04297	0
0.610506758	26174.04492	0.002023459	26537.01953	0
0.610518345	26113.95898	-0.002640496	26537.01953	0
0.610529899	26146.03125	-0.000534264	26537.01953	0
0.610541499	26101.13477	0.002294052	26537.01953	0
0.610553058	26109.67578	-0.000271737	26537.01953	0
0.610564626	26124.47461	0.003352586	26605.66992	0
0.61057622	26135.24219	0.000850247	26605.66992	0
0.610587788	26047.61328	-0.000924773	26605.66992	0
0.610599349	26096.77734	0.000982383	26605.66992	0
0.61061094	26064.78125	-0.000271556	26605.66992	0
0.610622516	26022.11133	-0.004428277	26641.90234	0
0.610634084	26034.79492	-0.002043204	26641.90234	0
0.610645649	26026.34375	0.00136922	26641.90234	0
0.61065724	26045.42383	-0.001644147	26641.90234	0
0.610668812	26007.02148	0.000718773	26641.90234	0
0.610680372	26073.33984	0.000977868	26793.97266	0
0.610691957	26000.68164	-0.003172412	26793.97266	0
0.610703527	26017.65039	0.002432208	26793.97266	0
0.610715101	26030.46875	6.62788E-05	26793.97266	0
0.610726679	25998.58203	0.001167554	26793.97266	0
0.610738247	25983.50391	0.001047819	26808.11523	0
0.610749827	25915.11328	0.000254641	26808.11523	0
0.610761387	25970.70313	0.000781259	26808.11523	0
0.61077299	26011.45898	-0.000548591	26808.11523	0
0.610784545	25949.26758	0.001581661	26808.11523	0
0.610796122	25975.01953	0.001040174	4006.833496	NaN
0.610807684	25960.00781	0.00005755	4006.833496	NaN
0.610819276	25959.97656	0.000723227	4006.833496	NaN
0.610830845	25962.12891	0.002100213	4006.833496	NaN
0.610842422	25921.54297	0.000509462	4006.833496	NaN
0.610853999	25945.08398	0.000179934	25908.52539	NaN
0.610865559	25906.56445	0.001636261	25908.52539	0
0.610877139	25936.55469	0.001094172	25908.52539	0
0.610888719	25923.65039	0.002297363	25908.52539	NaN
0.610900287	25872.34961	-8.9696E-06	25908.52539	0
0.610911871	25970.72852	-0.001065577	25833.03516	NaN
0.61092343	25874.47266	0.000447698	25833.03516	NaN
0.610935012	25865.92383	0.002882796	25833.03516	NaN
0.610946586	25850.93164	0.003669954	25833.03516	NaN
0.610958169	25883.03125	0.002356117	25833.03516	NaN
0.610969721	25878.75	0.002682334	25984.53125	0
0.610981301	25793.20508	0.003080247	25984.53125	0
0.610992872	25855.24805	0.001176223	25984.53125	0
0.611004451	25823.17578	0.000978109	25984.53125	0
0.611016033	25840.23047	0.001628796	25984.53125	0
0.611027604	25842.4375	0.002165769	26072.8418	0
0.611039186	25829.5625	0.002093169	26072.8418	0
0.611050746	25842.41797	0.004662811	26072.8418	0
0.611062328	25827.41992	0.00038178	26072.8418	0
0.61107391	25848.78516	0.002089678	26072.8418	0
0.611085483	25804.00781	0.000920318	26165.66016	0
0.611097037	25784.58984	0.002418904	26165.66016	0
0.611108625	25788.91797	0.002948954	26165.66016	0
0.611120201	25763.30664	0.002820129	26165.66016	0
0.61113174	25784.73047	0.002560432	26165.66016	0
0.61114335	25742.1875	0.004343577	26290.85742	0
0.611154928	25737.51758	0.00525017	26290.85742	0
0.611166488	25739.5957	0.003864336	26290.85742	0
0.611178058	25731.37695	0.005718997	26290.85742	0
0.611189644	25786.82031	0.007293856	26290.85742	0
0.611201214	25727.10742	0.005127485	26392.50586	0
0.611212778	25716.42188	0.005061507	26392.50586	0
0.611224382	25712.22461	0.005129471	26392.50586	0
0.611235937	25713.98438	0.004591957	26392.50586	0
0.611247501	25709.70117	0.006039977	26392.50586	0
0.611259083	25735.63867	0.005259019	26428.95117	0
0.61127065	25729.23633	0.005653562	26428.95117	0
0.611282238	25673.51367	0.006372816	26428.95117	0
0.611293818	25758.91211	0.00597412	26428.95117	0
0.611305373	25656.11328	0.005181664	26428.95117	0
0.611316957	25671.45117	0.006046057	26517.49023	0
0.611328528	25656.58789	0.005390433	26517.49023	0
0.611340114	25575.1543	0.005386099	26517.49023	0
0.611351701	25639.30078	0.00282055	26517.49023	0
0.611363246	25558.32813	0.00414149	26517.49023	0
0.611374835	25596.6543	0.005257093	26602.6543	0
0.611386407	25613.86328	0.00545605	26602.6543	0
0.611397969	25566.73242	0.005387845	26602.6543	0
0.611409544	25564.06836	0.003139844	26602.6543	0
0.61142113	25660.7793	0.005520221	26602.6543	0
0.611432695	25650.09375	0.005322047	26695.3125	0
0.611444289	25517.73828	0.007362241	26695.3125	0
0.611455853	25609.25	0.005449669	26695.3125	0
0.611467426	25534.82031	0.006245134	26695.3125	0
0.611479004	25523.53125	0.006237669	26695.3125	0
0.611490564	25523.83398	0.006964689	26805.96289	0
0.611502151	25510.8457	0.007489863	26805.96289	0
0.61151372	25492.08984	0.006968361	26805.96289	0
0.611525297	25555.63477	0.008607633	26805.96289	0
0.61153686	25523.83398	0.007688579	26805.96289	0
0.611548449	25571.00586	0.006308884	26850.58008	0
0.611560004	25512.69141	0.007223604	26850.58008	0
0.611571601	25522.29883	0.006773859	26850.58008	0
0.611583173	25449.18945	0.005256852	26850.58008	0
0.611594748	25420.64453	0.006103667	26850.58008	0
0.611606308	25463.80664	0.004659982	26946.46875	0
0.611617889	25461.65039	0.005054946	26946.46875	0
0.611629478	25538.95508	0.005716951	26946.46875	0
0.611641034	25416.54102	0.004460183	26946.46875	0
0.611652598	25365.61523	0.006569906	26946.46875	0
0.611664196	25481.4043	0.006573518	27021.0918	0
0.611675757	25382.93945	0.005584995	27021.0918	0
0.611687327	25367.96875	0.007558008	27021.0918	0
0.611698904	25382.50977	0.006436506	27021.0918	0
0.611710471	25311.91797	0.006897026	27021.0918	0
0.611722058	25316.9082	0.007362302	27092.73633	0
0.611733641	25318.81055	0.007032052	27092.73633	0
0.611745194	25382.52344	0.005515105	27092.73633	0
0.611756779	25318.3418	0.008147715	27092.73633	0
0.611768361	25314.07031	0.008674212	27092.73633	0
0.611779916	25305.50586	0.006568582	27186.52539	0
0.61179152	25372.24414	0.008281957	27186.52539	0
0.611803076	25299.10938	0.006107339	27186.52539	0
0.611814652	25284.125	0.007687314	27186.52539	0
0.611826211	25331.41016	0.006570027	27186.52539	0
0.611837804	25226.90039	0.006900457	27215	0
0.611849366	25211.68164	0.006109808	27215	0
0.611860951	25222.08398	0.006502785	27215	0
0.61187253	25157.33984	0.006235864	27215	0
0.611884089	25269.66211	0.005453822	27215	0
0.611895656	25207.95703	0.007559272	27313.25195	0
0.611907238	25142.03711	0.00748589	27313.25195	0
0.611918822	25139.5957	0.008019611	27313.25195	0
0.611930389	25186.59375	0.006179337	27313.25195	0
0.611941957	25163.07227	0.007362181	27313.25195	0
0.611953531	25165.23047	0.006968	27380.42969	0
0.611965122	25144.17383	0.009072065	27380.42969	0
0.611976686	25091.60938	0.006568582	27380.42969	0
0.611988256	25150.58203	0.007363867	27380.42969	0
0.611999843	25141.41016	0.009267772	27380.42969	0
0.612011403	25072.35742	0.007292291	27449.70117	0
0.612022978	25043.87109	0.007882117	27449.70117	0
0.612034568	25120.36719	0.008348296	27449.70117	0
0.612046139	25115.77148	0.007689542	27449.70117	0
0.612057704	25025.29297	0.009266688	27449.70117	0
0.612069284	24987.18164	0.007885669	27504.18945	0
0.612080864	24999.64844	0.008806047	27504.18945	0
0.612092432	24989.67188	0.005322589	27504.18945	0
0.612104011	24954.7207	0.00683147	27504.18945	0
0.612115572	24989.68359	0.006045816	27504.18945	0
0.612127142	24960.14648	0.007296625	27579.87695	0
0.612138729	24933.7207	0.004925639	27579.87695	0
0.612150307	24930.81445	0.009726967	27579.87695	0
0.612161875	24871.72461	0.007227878	27579.87695	0
0.612173457	24897.77734	0.007294699	27579.87695	0
0.612185012	24888.41406	0.008937401	27651.95117	0
0.612196604	24885.37695	0.007559272	27651.95117	0
0.612208172	24866.13281	0.008151026	27651.95117	0
0.612219742	24915.66602	0.009663036	27651.95117	0
0.612231322	24886.2793	0.00847664	27651.95117	0
0.612242905	24819.54297	0.009068393	27698.29688	0
0.612254461	24779.33984	0.009463899	27698.29688	0
0.612266058	24821.67773	0.009068273	27698.29688	0
0.612277634	24861.02734	0.009464742	27698.29688	0
0.612289183	24742.66211	0.006378233	27698.29688	0
0.612300757	24716.83398	0.008739347	27752.55469	0
0.612312336	24828.52148	0.010056495	27752.55469	0
0.612323915	24731.81836	0.001563481	27752.55469	0
0.61233549	24709.93164	0.01407247	27752.55469	0
0.612347055	24685.70703	0.009069959	27752.55469	0
0.612358632	24627.99609	0.008675176	27844.35938	0
0.612370204	24748.62695	0.009202696	27844.35938	0
0.612381791	24698.07031	0.008937642	27844.35938	0
0.612393354	24706.375	0.005852699	27844.35938	0
0.612404926	24606.02344	0.007494377	27844.35938	0
0.612416518	24585.73438	0.008741936	27905.29102	0
0.612428063	24729.87305	0.008611846	27905.29102	0
0.612439665	24577.72461	0.009400209	27905.29102	0
0.612451235	24549.41992	0.008281476	27905.29102	0
0.612462796	24511.96875	0.007884526	27905.29102	0
0.612474368	24550.5	0.007363385	27939.7832	0
0.612485952	24506.67383	0.008281536	27939.7832	0
0.612497515	24472.45898	0.008346972	27939.7832	0
0.612509122	24475.61328	0.00874013	27939.7832	0
0.612520684	24446.43555	0.007759071	27939.7832	0
0.612532241	24487.43555	0.008807672	27997.28711	0
0.612543826	24439.22656	0.008411204	27997.28711	0
0.612555406	24457.91797	0.008344383	27997.28711	0
0.612566979	24470.89844	0.008348236	27997.28711	0
0.612578544	24363.47852	0.007558008	27997.28711	0
0.612590124	24445.07617	0.007093394	28019.14648	0
0.612601697	24372.02539	0.008741936	28019.14648	0
0.612613278	24298.06641	0.009332184	28019.14648	0
0.612624838	24463.34375	0.009464441	28019.14648	0
0.612636412	24325.27148	0.008936739	28019.14648	0
0.612647997	24326.52148	0.009859043	28055.18359	0
0.612659573	24340.24023	0.0088707	28055.18359	0
0.612671143	24301.49219	0.009004823	28055.18359	0
0.612682719	24316.06641	0.007289401	28055.18359	0
0.612694297	24290.38281	0.010253284	28055.18359	0
0.612705872	24308.12891	0.010648369	28066.72656	0
0.612717441	24255.95703	0.008938124	28066.72656	0
0.612729021	24124.11523	0.01012169	28066.72656	0
0.612740563	24105.5918	0.010780505	28066.72656	0
0.612752171	24171.06641	0.007759372	28066.72656	0
0.612763737	24175.39648	0.007295301	28113.51172	0
0.612775312	24121.2793	0.007618748	28113.51172	0
0.612786882	24049.30859	0.008281115	28113.51172	0
0.612798461	24052.0918	0.00591061	28113.51172	0
0.612810029	24071.35156	0.009003258	28113.51172	0
0.612821615	24044.36328	0.007692191	28155.31445	0
0.612833177	23965.16211	0.009925021	28155.31445	0
0.612844748	23899.68945	0.009267772	28155.31445	0
0.61285632	23896.22852	0.009202877	28155.31445	0
0.612867901	23966.55859	0.008213391	28155.31445	0
0.612879451	23986.71484	0.008874734	28195.38672	0
0.612891064	23975.45117	0.008022983	28195.38672	0
0.612902627	23895.41406	0.008478807	28195.38672	0
0.612914203	23939.30859	0.009001934	28195.38672	0
0.61292577	23878.60547	0.007562282	28195.38672	0
0.612937337	23817.17969	0.009531502	28210.83203	0
0.612948934	23869.1875	0.007022901	28210.83203	0
0.612960501	23834.27148	0.008216702	28210.83203	0
0.61297206	23878.86914	0.008674272	28210.83203	0
0.61298364	23838.20117	0.009266688	28210.83203	0
0.61299521	23865	0.009532284	28236.52539	0
0.613006803	23651.78711	0.010780083	28236.52539	0
0.613018376	23740.27539	0.008874433	28236.52539	0
0.613029941	23779.17969	0.010056495	28236.52539	0
0.613041509	23767.62695	0.008674514	28236.52539	0
0.613053109	23722.72266	0.006634319	28247.91406	0
0.613064662	23665.16797	0.008284967	28247.91406	0
0.613076231	23656.07227	0.00795273	28247.91406	0
0.613087822	23522.38086	0.008676801	28247.91406	0
0.613099393	23576.98438	0.007886693	28247.91406	0
0.613110956	23576.98047	0.007360857	28298.06641	0
0.613122533	23574.21484	0.007949299	28298.06641	0
0.613134098	23552.27734	0.009399847	28298.06641	0
0.613145686	23520.4707	0.009398463	28298.06641	0
0.613157249	23442.52344	0.008937702	28298.06641	0
0.613168821	23366.55273	0.008740732	28339.44336	0
0.613180411	23394.32227	0.008740973	28339.44336	0
0.613191975	23463.70898	0.0095309	28339.44336	0
0.613203565	23509.53906	0.009465585	28339.44336	0
0.613215129	23349.41211	0.009332786	28339.44336	0
0.613226706	23340.97461	0.010122052	28349.95117	0
0.613238271	23412.42969	0.009728171	28349.95117	0
0.613249846	23259.64258	0.010253525	28349.95117	0
0.61326143	23252.14453	0.009858863	28349.95117	0
0.613272997	23326.86328	0.010911979	28349.95117	0
0.61328457	23289.57617	0.010517135	28375.26172	0
0.613296162	23267.12109	0.009661592	28375.26172	0
0.613307726	23316.24023	0.009202154	28375.26172	0
0.613319298	23334.35547	0.009859826	28375.26172	0
0.613330874	23305.69727	0.009923997	28375.26172	0
0.613342443	23278.82617	0.010385962	28400.3457	0
0.61335401	23144.17383	0.009464501	28400.3457	0
0.613365596	23176.25977	0.008938002	28400.3457	0
0.613377157	23177.33008	0.011305919	28400.3457	0
0.613388748	23192.29492	0.008741635	28400.3457	0
0.613400323	23140.88281	0.009989915	28443.87305	0
0.613411901	23116.28125	0.009990276	28443.87305	0
0.613423486	23185.85547	0.011043031	28443.87305	0
0.613435028	23146.30469	0.020252049	28443.87305	0
0.613446602	23031.69727	0.023423497	28443.87305	0
0.61345818	23113.22852	0.025441539	28453.92969	0
0.613469769	23009.32617	0.041651905	28453.92969	0
0.61348133	23104.96484	0.074923791	28453.92969	0
0.613492914	22954.85938	0.144679278	28453.92969	0
0.613504494	22992.17578	0.161842167	28453.92969	0
0.613516069	23008.14453	0.129043028	28481.61523	0
0.613527634	23043.69336	0.146399275	28481.61523	0
0.61353921	22865.92969	0.137288019	28481.61523	0
0.613550774	22825.28711	0.15137741	28481.61523	0
0.613562364	22867.44922	0.174483895	28481.61523	0
0.613573935	22910.4375	0.241111293	28518.23047	0
0.61358551	22858.9375	0.313487411	28518.23047	0
0.613597083	22801.53906	0.330272287	28518.23047	0
0.61360866	22814.61133	0.349802822	28518.23047	0
0.613620224	22792.625	0.453422189	28518.23047	0
0.613631798	22656.26172	0.601816237	28548.23047	0
0.613643364	22693.05469	0.628769279	28548.23047	0
0.613654955	22744.375	0.36952427	28548.23047	0
0.613666523	22733.59766	0.095381059	28548.23047	0
0.613678087	22677.25	0.027610196	28548.23047	0
0.613689664	22736.67773	0.038614459	28562.55859	0
0.613701246	22732.41406	0.027096581	28562.55859	0
0.613712828	22672.07227	0.017036354	28562.55859	0
0.613724387	22675.07813	0.013870504	28562.55859	0
0.613735967	22626.80078	0.014332289	28562.55859	0
0.613747531	22656.33203	0.01505082	28601.75977	0
0.613759114	22582.69531	0.013149023	28601.75977	0
0.613770701	22551.94531	0.012687359	28601.75977	0
0.613782264	22593.89258	0.012095245	28601.75977	0
0.613793829	22619.54883	0.015316898	28601.75977	0
0.613805414	22509.21094	0.013740295	28618.51563	0
0.613816979	22521.21875	0.012884269	28618.51563	0
0.613828572	22501.99023	0.013344307	28618.51563	0
0.613840145	22366.64063	0.01216062	28618.51563	0
0.613851713	22406.49023	0.013473795	28618.51563	0
0.613863277	22387.32617	0.012358855	28638.64844	0
0.613874878	22383.05859	0.011964372	28638.64844	0
0.613886422	22231.38672	0.012094282	28638.64844	0
0.613898016	22334.58008	0.013083346	28638.64844	0
0.61390958	22375.8418	0.013210124	28638.64844	0
0.613921151	22291.86328	0.012094763	28669.29297	0
0.613932721	22323.21094	0.012028544	28669.29297	0
0.613944302	22229.78125	0.011899057	28669.29297	0
0.613955867	22279.73438	0.010780203	28669.29297	0
0.613967462	22234.85156	0.016828788	28669.29297	0
0.613979049	22308.89453	0.013280678	28681.50586	0
0.613990605	22224.15234	0.013475721	28681.50586	0
0.61400217	22238.32031	0.014070244	28681.50586	0
0.61401377	22220.03906	0.014655314	28681.50586	0
0.614025321	22166.24805	0.014861375	28681.50586	0
0.614036905	22134.17383	0.014795578	28697.16211	0
0.614048477	22049.86914	0.014984963	28697.16211	0
0.614060043	22120.70313	0.013872551	28697.16211	0
0.614071611	22164.5332	0.014063862	28697.16211	0
0.614083199	22108.15234	0.014723821	28697.16211	0
0.614094771	22150.01367	0.013608519	28742.1543	0
0.614106347	21992.98242	0.016770577	28742.1543	0
0.61411792	22107.53516	0.015181752	28742.1543	0
0.614129487	22001.32422	0.015446446	28742.1543	0
0.614141066	22045.86523	0.016570596	28742.1543	0
0.614152631	21988.11328	0.019531108	28762.71875	0
0.614164212	21872.06836	0.016305361	28762.71875	0
0.614175796	21967.71094	0.015185304	28762.71875	0
0.614187364	22053.81055	0.015055576	28762.71875	0
0.614198928	22001.49609	0.017757775	28762.71875	0
0.614210503	22023.29297	0.017092219	28802.55664	0
0.614222097	21918.56836	0.016171599	28802.55664	0
0.614233665	21888.10938	0.018206919	28802.55664	0
0.614245225	21923.38086	0.017949749	28802.55664	0
0.614256814	21931.93555	0.017489228	28802.55664	0
0.614268382	21888.63281	0.018341281	28823.99414	0
0.614279959	21853.87109	0.018745516	28823.99414	0
0.614291532	21904.10547	0.01754413	28823.99414	0
0.614303113	21840.52734	0.018281564	28823.99414	0
0.614314678	21837.33594	0.019853292	28823.99414	0
0.614326265	21803.67383	0.020514635	28889.31641	0
0.614337821	21797.26367	0.022027548	28889.31641	0
0.614349395	21800.54297	0.020572607	28889.31641	0
0.614360985	21850.18359	0.020050805	28889.31641	0
0.614372554	21789.19531	0.020123825	28889.31641	0
0.614384124	21746.63672	0.022342388	28942.23633	0
0.614395692	21762.05664	0.023530049	28942.23633	0
0.614407265	21790.98438	0.022600399	28942.23633	0
0.614418837	21733.11133	0.02334265	28942.23633	0
0.614430443	21778.67188	0.023065254	28942.23633	0
0.614441987	21697.51953	0.025035739	29003.44922	0
0.614453593	21686.07227	0.023803171	29003.44922	0
0.614465146	21706.70508	0.025464775	29003.44922	0
0.614476726	21731.45313	0.027624343	29003.44922	0
0.614488295	21668.98047	0.028275693	29003.44922	0
0.614499876	21574.89258	0.029919781	29057.30273	0
0.614511437	21603.11719	0.030190373	29057.30273	0
0.614523008	21605.70898	0.031867329	29057.30273	0
0.614534585	21538.96094	0.031111173	29057.30273	0
0.614546162	21594.55273	0.033677444	29057.30273	0
0.614557733	21464.78906	0.039488122	29085.76367	0
0.614569306	21601.85547	0.036540974	29085.76367	0
0.614580889	21601.39453	0.030724576	29085.76367	0
0.614592476	21554.85156	0.032401774	29085.76367	0
0.614604024	21466.9082	0.031998921	29085.76367	0
0.61461561	21471.91797	0.033725362	29147.45313	0
0.614627201	21467.65039	0.034711357	29147.45313	0
0.614638767	21458.73242	0.034899056	29147.45313	0
0.614650343	21475.17383	0.034279432	29147.45313	0
0.614661915	21418.12695	0.039104536	29147.45313	0
0.614673482	21410.61914	0.039665047	29217.7207	0
0.614685047	21443.79102	0.043836035	29217.7207	0
0.61469662	21471.52344	0.042719171	29217.7207	0
0.614708214	21499.31836	0.043967448	29217.7207	0
0.614719777	21421.66602	0.048167151	29217.7207	0
0.614731358	21423.80664	0.04816721	29279.4082	0
0.614742929	21483.98242	0.050785735	29279.4082	0
0.614754512	21367.83594	0.051837105	29279.4082	0
0.614766087	21383.48047	0.052330613	29279.4082	0
0.614777638	21415.59766	0.053252377	29279.4082	0
0.614789216	21363.24219	0.059515331	29373.00391	0
0.614800809	21392.5	0.066312008	29373.00391	0
0.614812361	21337.61719	0.06510514	29373.00391	0
0.614823938	21364.22461	0.066619501	29373.00391	0
0.614835523	21267.04883	0.06793382	29373.00391	0
0.614847097	21304.28906	0.068200201	29429.77539	0
0.614858682	21323.24609	0.071862809	29429.77539	0
0.614870233	21267.03711	0.074379534	29429.77539	0
0.614881832	21301.54102	0.077496745	29429.77539	0
0.614893399	21258.18945	0.082637049	29429.77539	0
0.614904968	21181.51953	0.084113486	29505.60156	0
0.614916548	21228.56445	0.089572243	29505.60156	0
0.614928117	21245.67383	0.092926092	29505.60156	0
0.614939687	21157.75391	0.099074371	29505.60156	0
0.614951252	21235.24219	0.112827241	29505.60156	0
0.614962843	21283.26563	0.094599858	29574.39648	0
0.614974416	21178.90039	0.101075195	29574.39648	0
0.614985973	21255.05273	0.102770805	29574.39648	0
0.614997573	21127.38477	0.106426492	29574.39648	0
0.61500914	21151.36328	0.11649587	29574.39648	0
0.615020704	21172.22852	0.113126613	29640.57031	0
0.615032278	21224.82617	0.112804487	29640.57031	0
0.615043866	21162.28711	0.120220788	29640.57031	0
0.615055427	21091.73242	0.124891125	29640.57031	0
0.615067002	21184.1543	0.123861246	29640.57031	0
0.615078583	21072.71875	0.130398288	29702.02344	0
0.615090159	21169.42773	0.130952284	29702.02344	0
0.615101722	21087.24219	0.133391783	29702.02344	0
0.615113299	21107.36914	0.135892674	29702.02344	0
0.615124872	21114.34766	0.135609388	29702.02344	0
0.615136456	21076.99219	0.141122565	29778.72266	0
0.615148017	21110.75977	0.145751774	29778.72266	0
0.615159589	21065.87891	0.144568518	29778.72266	0
0.615171175	20993.38672	0.146529123	29778.72266	0
0.615182745	21035.74805	0.148589551	29778.72266	0
0.615194318	21033.24805	0.151829138	29821.62109	0
0.615205882	21014.58789	0.151340336	29821.62109	0
0.615217468	21038.47656	0.153360531	29821.62109	0
0.615229039	21024.70313	0.149268165	29821.62109	0
0.615240632	20976.12109	0.150879994	29821.62109	0
0.615252188	21002.12695	0.156518683	29888.28711	0
0.615263774	21010.67188	0.156717032	29888.28711	0
0.615275342	21057.32031	0.153049305	29888.28711	0
0.615286932	20965.43359	0.157849133	29888.28711	0
0.615298475	21031.49414	0.161339268	29888.28711	0
0.615310059	21016.90625	0.161985681	29882.70703	0
0.615321637	20955.07617	0.164020285	29882.70703	0
0.615333218	20955.39258	0.164669707	29882.70703	0
0.615344795	20970.20898	0.164279193	29882.70703	0
0.615356358	20903.74219	0.167112753	29882.70703	0
0.615367938	20955.56836	0.169672102	29900.45703	0
0.615379502	20958.54102	0.170215815	29900.45703	0
0.615391086	20916.72656	0.170071691	29900.45703	0
0.615402644	20927.12109	0.171259895	29900.45703	0
0.615414216	20920.26758	0.172184557	29900.45703	0
0.615425807	20922.69336	0.172313556	29891.70508	0
0.615437365	20944.39453	0.171916187	29891.70508	0
0.615448955	20901.32422	0.171590507	29891.70508	0
0.615460515	20944.2207	0.172509387	29891.70508	0
0.61547209	20895.33203	0.173560455	29891.70508	0
0.615483664	20881.82031	0.172644585	29910.13086	0
0.615495255	20841.48633	0.173365474	29910.13086	0
0.615506826	20847.90039	0.174088761	29910.13086	0
0.615518394	20847.66406	0.173498452	29910.13086	0
0.615529967	20882.2168	0.173627943	29910.13086	0
0.615541551	20845.65039	0.174483657	29936.29492	0
0.615553108	20805.46094	0.174745292	29936.29492	0
0.615564693	20815.93555	0.175403863	29936.29492	0
0.615576283	20890.49414	0.17461507	29936.29492	0
0.615587837	20858.82617	0.175469592	29936.29492	0
0.615599423	20818.20508	0.174350858	29976.9668	0
0.615610998	20801.17969	0.175008655	29976.9668	0
0.615622573	20816.0625	0.175732717	29976.9668	0
0.615634141	20818.0918	0.175929993	29976.9668	0
0.615645715	20828.99805	0.175732777	29976.9668	0
0.615657292	20848.13281	0.17579858	29959.43945	0
0.615668856	20824.40039	0.175601065	29959.43945	0
0.615680423	20787.96875	0.176652625	29959.43945	0
0.615692029	20766.77344	0.176653639	29959.43945	0
0.615703574	20833.0332	0.176850915	29959.43945	0
0.615715153	20771.05469	0.177969351	29952.55859	0
0.615726726	20762.33789	0.178099081	29952.55859	0
0.615738301	20724.16406	0.178234696	29952.55859	0
0.61574987	20734.87695	0.178827301	29952.55859	0
0.61576147	20715.14258	0.179146051	29952.55859	0
0.615773015	20745.25391	0.179347783	30008.44336	0
0.615784604	20766.77539	0.179811433	30008.44336	0
0.615796166	20762.42969	0.180927813	30008.44336	0
0.615807757	20730.43945	0.18211396	30008.44336	0
0.615819311	20719.875	0.181263238	30008.44336	0
0.615830901	20732.5	0.182045758	29997.12695	0
0.615842468	20736.62891	0.185128778	29997.12695	0
0.615854039	20668.30273	0.183026284	29997.12695	0
0.615865616	20751.96484	0.186267614	29997.12695	0
0.615877205	20691.95313	0.186061323	29997.12695	0
0.615888772	20698.49805	0.18685998	30018.54883	0
0.615900349	20745.54883	0.18633312	30018.54883	0
0.615911906	20704.72266	0.186188817	30018.54883	0
0.615923489	20698.42188	0.190146282	30018.54883	0
0.615935057	20702.5332	0.19334951	30018.54883	0
0.615946645	20700.43945	0.225648224	30031.44336	0
0.615958201	20632.10938	0.186918244	30031.44336	0
0.61596979	20653.51563	0.195937514	30031.44336	0
0.615981355	20689.76563	0.196316287	30031.44336	0
0.615992928	20634.14063	0.202279151	30031.44336	0
0.61600452	20649.16406	0.20289287	30053.49414	0
0.616016074	20638.58789	0.204834878	30053.49414	0
0.616027646	20659.76172	0.206747815	30053.49414	0
0.61603924	20659.85352	0.209534124	30053.49414	0
0.616050808	20672.67383	0.211836055	30053.49414	0
0.616062378	20666.16797	0.211412743	30049.39258	0
0.616073956	20640.76172	0.217887595	30049.39258	0
0.616085526	20625.62891	0.22207579	30049.39258	0
0.616097094	20646.98633	0.218855217	30049.39258	0
0.616108681	20653.52344	0.222921893	30049.39258	0
0.61612024	20647.10352	0.227726042	30055.00586	0
0.616131832	20617.11133	0.233931154	30055.00586	0
0.616143391	20644.92578	0.235730901	30055.00586	0
0.616154978	20647.14648	0.237293124	30055.00586	0
0.61616655	20585.02344	0.241875082	30055.00586	0
0.616178131	20567.99805	0.245156467	30092.7168	0
0.616189701	20602.09766	0.245581105	30092.7168	0
0.616201264	20578.71289	0.255461931	30092.7168	0
0.616212853	20617.03516	0.264140308	30092.7168	0
0.616224428	20597.96484	0.264849752	30092.7168	0
0.616235981	20580.79297	0.2668764	30078.16992	0
0.616247554	20580.76758	0.272717178	30078.16992	0
0.616259134	20538.04492	0.275899649	30078.16992	0
0.616270718	20570.10938	0.276557922	30078.16992	0
0.616282292	20563.71289	0.279602766	30078.16992	0
0.616293873	20589.38477	0.282458097	30098.27344	0
0.616305434	20555.14063	0.289057434	30098.27344	0
0.616317004	20587.19727	0.288970739	30098.27344	0
0.616328574	20548.74219	0.297027856	30098.27344	0
0.616340168	20546.59375	0.297042221	30098.27344	0
0.616351725	20544.46484	0.303648979	30117.32617	0
0.616363318	20561.55078	0.301332653	30117.32617	0
0.616374874	20527.35547	0.304723769	30117.32617	0
0.616386463	20529.49023	0.306251466	30117.32617	0
0.616398026	20516.68359	0.310734987	30117.32617	0
0.61640962	20523.0918	0.311130256	30149.74414	0
0.616421174	20478.14648	0.31787616	30149.74414	0
0.616432743	20476.12109	0.315939933	30149.74414	0
0.616444329	20495.19922	0.292428404	30149.74414	0
0.616455899	20473.93945	0.295877695	30149.74414	0
0.616467482	20488.92383	0.340584964	30141.32422	0
0.616479047	20516.67578	0.360186487	30141.32422	0
0.616490623	20431.17383	0.322234839	30141.32422	0
0.616502198	20484.53125	0.335779816	30141.32422	0
0.616513778	20469.58398	0.329791635	30141.32422	0
0.616525335	20439.72461	0.327760547	30175.64258	0
0.616536927	20499.57227	0.3363114	30175.64258	0
0.616548495	20473.94922	0.338154048	30175.64258	0
0.616560058	20444.04297	0.340257704	30175.64258	0
0.616571632	20437.48828	0.343417674	30175.64258	0
0.616583227	20441.89648	0.345386148	30163.01172	0
0.616594793	20495.25391	0.345787555	30163.01172	0
0.616606374	20405.58203	0.351697981	30163.01172	0
0.616617941	20482.49609	0.351698071	30163.01172	0
0.616629515	20452.45898	0.351975054	30163.01172	0
0.616641099	20431.11719	0.356116146	30002.88672	0
0.616652677	20452.4668	0.363297373	30002.88672	0
0.616664245	20439.76172	0.365241826	30002.88672	0
0.616675799	20384.00781	0.364284962	30002.88672	0
0.616687388	20437.58594	0.366238624	30002.88672	0
0.616698956	20418.44727	0.364640713	30047.94922	0
0.616710533	20456.75586	0.370275259	30047.94922	0
0.616722106	20401.41602	0.373105586	30047.94922	0
0.61673368	20448.42773	0.374011904	30047.94922	0
0.616745263	20405.45898	0.383752942	30047.94922	0
0.61675682	20424.65625	0.38212508	30063.15234	0
0.616768399	20437.62891	0.385954112	30063.15234	0
0.616779982	20369.10938	0.384345561	30063.15234	0
0.616791547	20343.61914	0.389767975	30063.15234	0
0.616803116	20399.16211	0.395554483	30063.15234	0
0.616814695	20405.4043	0.403192043	30072.33789	0
0.616826282	20356.51172	0.401908249	30072.33789	0
0.616837836	20352.00195	0.40073207	30072.33789	0
0.616849417	20343.45898	0.405733585	30072.33789	0
0.616861001	20330.61914	0.416328728	30072.33789	0
0.616872567	20341.47266	0.418306291	30081.77539	0
0.61688414	20354.44922	0.418441057	30081.77539	0
0.616895722	20364.76367	0.427617252	30081.77539	0
0.616907284	20328.66602	0.427117825	30081.77539	0
0.61691886	20353.98242	0.430023372	30081.77539	0
0.616930445	20358.49414	0.430902273	30157.17383	0
0.616942005	20343.5332	0.43445456	30157.17383	0
0.616953579	20377.58984	0.436373442	30157.17383	0
0.616965181	20326.07617	0.441392183	30157.17383	0
0.616976737	20312.05078	0.444532245	30157.17383	0
0.616988314	20304.86719	0.450067401	30138.72656	0
0.616999887	20271.07813	0.45521602	30138.72656	0
0.617011449	20287.96484	0.45655787	30138.72656	0
0.617023033	20262.42578	0.46598047	30138.72656	0
0.617034614	20311.2832	0.466921479	30138.72656	0
0.617046198	20283.58203	0.465883553	30172.22266	0
0.617057764	20268.61523	0.474965692	30172.22266	0
0.617069333	20260.74609	0.478450716	30172.22266	0
0.617080902	20254.12109	0.479020923	30172.22266	0
0.617092471	20275.34961	0.479536593	30172.22266	0
0.617104056	20247.35352	0.484647691	30151.61523	0
0.617115626	20228.36914	0.484860838	30151.61523	0
0.617127198	20245.45508	0.486964375	30151.61523	0
0.61713878	20213.15039	0.489252448	30151.61523	0
0.617150361	20223.57617	0.490095913	30151.61523	0
0.617161923	20206.74023	0.491028696	30162.98047	0
0.617173497	20245.45508	0.49327448	30162.98047	0
0.617185084	20206.88477	0.493993253	30162.98047	0
0.617196643	20223.96094	0.496163249	30162.98047	0
0.61720822	20225.71289	0.497798979	30162.98047	0
0.617219794	20138.84375	0.495710164	30200.28906	0
0.617231365	20192.06055	0.49820447	30200.28906	0
0.617242939	20162.32031	0.499323964	30200.28906	0
0.617254518	20208.61328	0.500498176	30200.28906	0
0.617266094	20090.95313	0.500959039	30200.28906	0
0.617277661	20153.46094	0.502804816	30245.28906	0
0.617289241	20187.50391	0.502343535	30245.28906	0
0.617300822	20165.97266	0.503658652	30245.28906	0
0.617312392	20061.98438	0.503726184	30245.28906	0
0.617323963	20138.51367	0.504777551	30245.28906	0
0.617335533	20164.29883	0.502476931	30280.21484	0
0.617347131	20157.58008	0.509118974	30280.21484	0
0.617358687	20127.31836	0.500037253	30280.21484	0
0.617370271	20133.9043	0.516097486	30280.21484	0
0.617381823	20146.89453	0.48602736	30280.21484	0
0.617393396	20160.0293	0.530542016	30297.36719	0
0.617404992	20070.13867	0.508919597	30297.36719	0
0.617416567	20062.75781	0.519075036	30297.36719	0
0.617428131	20095.41602	0.528994381	30297.36719	0
0.617439706	20069.375	0.509321809	30297.36719	0
0.617451276	20097.72656	0.496159405	30309.64648	0
0.617462843	20082.76367	0.481884718	30309.64648	0
0.617474436	20100.58984	0.503660679	30309.64648	0
0.61748599	20067.42578	0.578576744	30309.64648	0
0.617497581	20085.09375	0.527791858	30309.64648	0
0.617509149	20053.05078	0.610904872	30369.01172	0
0.617520734	20048.17383	0.526502371	30369.01172	0
0.617532299	19982.08789	0.526361823	30369.01172	0
0.617543879	20005.17188	0.524601221	30369.01172	0
0.617555456	19982.0918	0.527744114	30369.01172	0
0.61756701	19966.88867	0.536245585	30427.49023	0
0.617578594	20031.26953	0.530178964	30427.49023	0
0.617590171	19992.78125	0.539984167	30427.49023	0
0.617601737	19967.58789	0.539627016	30427.49023	0
0.617613311	20024.64063	0.540393233	30427.49023	0
0.617624887	20018.22656	0.5448699	30524.01563	0
0.617636459	19993.67188	0.544527113	30524.01563	0
0.61764803	19899.73828	0.548994839	30524.01563	0
0.617659622	19959.04883	0.549819112	30524.01563	0
0.617671195	19963.54688	0.553284645	30524.01563	0
0.617682755	19977.81445	0.554724693	30616.13086	0
0.617694333	19930.76563	0.549657464	30616.13086	0
0.617705905	19953.10352	0.566931069	30616.13086	0
0.617717474	19856.75977	0.564392865	30616.13086	0
0.617729055	19966.6582	0.571888328	30616.13086	0
0.617740623	19935.54492	0.57414788	30683.67969	0
0.617752216	19824.43555	0.583353758	30683.67969	0
0.617763812	19887.73633	0.577390909	30683.67969	0
0.617775365	19838.11328	0.584376097	30683.67969	0
0.617786937	19851.94141	0.598447323	30683.67969	0
0.617798498	19823.85938	0.600459456	30729.49023	0
0.617810076	19809.19141	0.605156779	30729.49023	0
0.617821656	19834.26172	0.606158495	30729.49023	0
0.61783322	19805.2168	0.610770941	30729.49023	0
0.617844801	19827.8457	0.61820519	30729.49023	0
0.617856371	19846.0918	0.614606381	30887.23242	0
0.617867955	19796.37305	0.626337707	30887.23242	0
0.617879518	19830.85547	0.606496215	30887.23242	0
0.617891104	19789.66211	0.623621583	30887.23242	0
0.617902678	19851.36719	0.626565814	30887.23242	0
0.617914251	19775.91797	0.630330324	30954.17188	0
0.617925812	19755.76172	0.621205211	30954.17188	0
0.617937398	19794.2207	0.635677338	30954.17188	0
0.617948977	19782.92969	0.638349474	30954.17188	0
0.617960529	19684.87695	0.642310679	30954.17188	0
0.617972126	19790.5625	0.644183338	31088.80859	0
0.617983683	19796.05859	0.646850884	31088.80859	0
0.61799527	19744.42188	0.648816824	31088.80859	0
0.61800684	19737.82227	0.651230633	31088.80859	0
0.61801841	19720.08984	0.651544988	31088.80859	0
0.618029987	19705.92383	0.652174652	31219.81836	0
0.61804155	19691.62891	0.652451456	31219.81836	0
0.618053144	19722.21094	0.656277418	31219.81836	0
0.618064698	19639.23828	0.658622265	31219.81836	0
0.618076274	19608.2832	0.657648325	31219.81836	0
0.618087873	19543.35156	0.660535753	31322.88477	0
0.618099419	19684.12695	0.629806221	31322.88477	0
0.618110994	19663.16016	0.654149056	31322.88477	0
0.618122572	19637.83984	0.680876017	31322.88477	0
0.618134142	19668.82031	0.665676951	31322.88477	0
0.618145738	19591.95117	0.664493859	31409.46094	0
0.618157301	19567.66602	0.664424002	31409.46094	0
0.618168879	19590.41406	0.665144444	31409.46094	0
0.61818045	19618.9707	0.652253866	31409.46094	0
0.618192014	19531.73047	0.667582512	31409.46094	0
0.618203617	19541.49023	0.669949114	31490.88281	0
0.618215161	19542.42188	0.67481643	31490.88281	0
0.618226742	19616.82617	0.670015931	31490.88281	0
0.618238316	19558.16602	0.671395004	31490.88281	0
0.618249888	19592.32617	0.67244643	31490.88281	0
0.618261478	19497.13086	0.671989501	31543.08398	0
0.61827304	19518.91016	0.672646165	31543.08398	0
0.618284621	19472.76758	0.67264998	31543.08398	0
0.6182962	19549.76563	0.675942063	31543.08398	0
0.61830777	19496.26367	0.675074756	31543.08398	0
0.61831935	19433.80859	0.672256112	31628.03516	0
0.618330944	19456.52734	0.680739284	31628.03516	0
0.618342483	19539.77539	0.681307554	31628.03516	0
0.618354067	19438.97852	0.679690898	31628.03516	0
0.618365633	19392.87109	0.683233917	31628.03516	0
0.618377229	19414.67773	0.689473093	31673.0625	0
0.618388775	19355.36914	0.681120157	31673.0625	0
0.61840036	19430.42578	0.6831792	31673.0625	0
0.618411941	19363.66797	0.68970257	31673.0625	0
0.618423497	19440.68555	0.68970257	31673.0625	0
0.618435085	19330.91016	0.693426251	31719.77539	0
0.618446654	19431.76758	0.692167878	31719.77539	0
0.61845822	19358.66992	0.697568834	31719.77539	0
0.618469807	19295.71484	0.700026155	31719.77539	0
0.61848138	19282.26953	0.717539132	31719.77539	0
0.618492958	19316.60742	0.695561707	31788.99609	0
0.618504516	19366.75781	0.703171372	31788.99609	0
0.618516101	19223.01563	0.708909988	31788.99609	0
0.618527674	19274.24609	0.696626484	31788.99609	0
0.618539237	19339.44727	0.72018826	31788.99609	0
0.618550832	19260.4043	0.714993656	31857.1543	0
0.618562393	19202.71094	0.723081291	31857.1543	0
0.618573967	19295.58008	0.723826885	31857.1543	0
0.61858555	19242.26172	0.722137094	31857.1543	0
0.618597117	19309.04492	0.727378547	31857.1543	0
0.61860871	19237.42969	0.730552912	31909.47656	0
0.61862027	19256.21094	0.731201947	31909.47656	0
0.618631831	19118.40039	0.739069402	31909.47656	0
0.618643413	19236.37109	0.733956516	31909.47656	0
0.618654986	19239.56055	0.739951909	31909.47656	0
0.618666558	19188.31445	0.741332114	31963.24609	0
0.61867816	19185.08789	0.745665312	31963.24609	0
0.618689714	19174.31641	0.741175413	31963.24609	0
0.618701277	19199.51953	0.753720701	31963.24609	0
0.618712868	19215.54102	0.753788054	31963.24609	0
0.618724441	19233.14258	0.759078205	32038.89844	0
0.618736014	19146.15039	0.763181329	32038.89844	0
0.618747588	19202.1582	0.767462969	32038.89844	0
0.618759167	19066.32617	0.770215511	32038.89844	0
0.618770722	19087.33789	0.772987902	32038.89844	0
0.618782305	19150.87305	0.770990074	32074.86914	0
0.618793872	19150.32227	0.779190958	32074.86914	0
0.618805449	19138.61328	0.776867688	32074.86914	0
0.618817022	19166.94922	0.786355317	32074.86914	0
0.6188286	19149.77148	0.79233563	32074.86914	0
0.618840173	18983.01758	0.793239892	32080.4707	0
0.618851747	19150.41797	0.797872186	32080.4707	0
0.618863331	19090.26563	0.799799502	32080.4707	0
0.618874909	18984.5332	0.80208987	32080.4707	0
0.618886465	19090.46289	0.810382843	32080.4707	0
0.618898039	19031.5	0.812932253	32075.76758	0
0.618909615	19128.93945	0.811501443	32075.76758	0
0.61892119	19038.5293	0.81359899	32075.76758	0
0.618932775	19027.83398	0.818075776	32075.76758	0
0.618944347	19028.13477	0.822176695	32075.76758	0
0.618955914	18990.30859	0.821524382	32118.07617	0
0.618967498	19053.5	0.821499348	32118.07617	0
0.618979055	19062.29492	0.823557138	32118.07617	0
0.618990638	19026.91406	0.823811889	32118.07617	0
0.619002218	18957.24609	0.8237378	32118.07617	0
0.619013793	19080.71875	0.823206723	32129.3418	0
0.619025351	18920.0293	0.825193286	32129.3418	0
0.619036947	18916.41797	0.827432573	32129.3418	0
0.619048522	18918.07227	0.828014731	32129.3418	0
0.619060083	18909.35938	0.827890456	32129.3418	0
0.619071668	18932.2168	0.828611851	32161.67383	0
0.619083243	18860.30273	0.828936815	32161.67383	0
0.619094811	18914.93945	0.828947067	32161.67383	0
0.619106386	18890.92383	0.829004645	32161.67383	0
0.619117951	18858.72656	0.83098346	32161.67383	0
0.619129521	18832.33398	0.831314504	32191.03125	0
0.619141097	18878.10742	0.831440628	32191.03125	0
0.619152696	18831.79297	0.832360923	32191.03125	0
0.619164242	18813.81055	0.833482921	32191.03125	0
0.619175821	18784.6875	0.833152711	32191.03125	0
0.619187396	18808.19141	0.833679199	32207.39453	0
0.619198975	18776.12109	0.834732115	32207.39453	0
0.619210552	18836.08008	0.834535241	32207.39453	0
0.619222128	18745.47461	0.834995747	32207.39453	0
0.619233709	18709.03125	0.836117387	32207.39453	0
0.619245276	18649.33789	0.836375535	32225.91602	0
0.619256842	18737.64648	0.835850895	32225.91602	0
0.619268437	18733.42969	0.836306214	32225.91602	0
0.619279994	18678.5293	0.836639524	32225.91602	0
0.619291569	18739.74219	0.838752091	32225.91602	0
0.619303131	18678.51563	0.837823629	32228.5	0
0.619314719	18603.70703	0.839533985	32228.5	0
0.619326299	18493.87695	0.840325892	32228.5	0
0.61933786	18530.23047	0.839601994	32228.5	0
0.619349449	18647.9707	0.842553198	32228.5	0
0.619361018	18559.60938	0.84176755	32232.59961	0
0.619372589	18605.26563	0.843276262	32232.59961	0
0.619384157	18702.75977	0.844200552	32232.59961	0
0.619395746	18591.65625	0.848540485	32232.59961	0
0.619407315	18546.25977	0.849317312	32232.59961	0
0.619418875	18601.57031	0.849993348	32249.98047	0
0.619430457	18566.57617	0.851381719	32249.98047	0
