Day fraction since midnight on 	200 kPa (Pa)	DO probe (mg/L)	Source Pressure (Pa)	air valve control ()
0.642173902	16729.74805	8.867153168	29412.20703	22538.98589
0.642185475	16629.83594	8.865089417	29412.20703	22491.34065
0.642197037	16780.70313	8.870166779	29412.20703	22649.55107
0.642208627	16697.09766	8.872958183	29412.20703	22530.21983
0.64222019	16685.44141	8.880781174	29426.95117	22454.65485
0.642231773	16770.39258	8.881512642	29426.95117	22532.9393
0.642243347	16687.3457	8.877780914	29426.95117	22453.7002
0.64225491	16756.32422	8.886925697	29426.95117	22541.15996
0.6422665	16679.98633	8.896215439	29426.95117	22438.54092
0.642278082	16731.2832	8.890542984	29467.47852	22449.91963
0.642289639	16669.30273	8.888054848	29467.47852	22492.67657
0.642301212	16662.49609	8.826739311	29467.47852	22436.04789
0.642312781	16674.53125	8.721705437	29467.47852	22434.75633
0.642324369	16687.58594	8.483931541	29467.47852	22439.60577
0.642335935	16730.06641	8.097017288	29479.05664	22506.50955
0.642347516	16651.80273	7.623672485	29479.05664	22405.75552
0.642359073	16649.48242	7.108778	29479.05664	22464.11618
0.642370645	16613.72656	6.55099678	29479.05664	22383.64119
0.642382231	16615.85156	5.981329441	29479.05664	22381.97596
0.642393822	16665.03125	5.449470043	29474.13281	22522.73414
0.642405381	16731.5918	4.910682678	29474.13281	22476.80729
0.642416963	16707.11328	4.411429405	29474.13281	22494.67662
0.642428528	16718.77148	3.942944765	29474.13281	22414.76514
0.642440117	16754.17578	3.490680933	29474.13281	22558.29649
0.642451694	16661.92578	3.124019623	29486.75781	22419.91856
0.642463263	16631.40039	2.758953571	29486.75781	22394.46557
0.642474842	16725.17969	2.435903788	29486.75781	22504.43448
0.64248641	16767.00586	2.145227671	29486.75781	22483.99471
0.642497966	16526.08594	1.917109847	29486.75781	22291.82715
0.642509562	16575.73828	1.705543518	29505.17188	22273.43272
0.642521125	16598.75781	1.475298166	29505.17188	22252.64552
0.642532683	16652.19922	1.3230896	29505.17188	22390.50772
0.642544278	16661.7207	1.170001864	29505.17188	22425.23941
0.642555836	16657.0625	1.005100727	29505.17188	22426.81658
0.642567435	16573.10742	0.868543267	29539.64453	22297.92377
0.642578993	16593.92578	0.800670445	29539.64453	22328.41704
0.642590554	16453.41211	0.690541387	29539.64453	22233.84491
0.642602127	16424.15234	0.638146579	29539.64453	22144.84634
0.642613717	16445.86133	0.541314066	29539.64453	22213.02231
0.642625289	16346.07715	0.504251123	29607.17578	22043.82544
0.642636852	16371.71777	0.454800963	29607.17578	22108.56945
0.642648443	16449.62305	0.378553897	29607.17578	22132.62457
0.642660005	16464.09375	0.336705864	29607.17578	22121.38272
0.642671591	16416.58398	0.293641001	29607.17578	22128.18684
0.64268315	16347.90137	0.239690647	29701.23633	21914.11515
0.642694731	16409.20313	0.199849412	29701.23633	22010.72832
0.642706305	16375.7334	0.184691325	29701.23633	22035.61949
0.642717885	16389.75391	0.177312285	29701.23633	22021.15274
0.642729456	16309.75195	0.175206468	29701.23633	21931.96781
0.642741033	16343.17285	0.172967747	29812.41602	21905.66843
0.642752613	16358.14844	0.168754801	29812.41602	21923.26529
0.642764173	16295.67773	0.162901133	29812.41602	21864.98241
0.642775755	16312.77441	0.152438909	29812.41602	21836.00371
0.642787335	16340.58594	0.141121432	29812.41602	21885.19037
0.64279889	16394.51172	0.128206655	29891.70508	21837.09492
0.642810483	16358.8916	0.107487589	29891.70508	21799.3879
0.642822059	16333.70117	0.093582951	29891.70508	21759.16193
0.642833613	16366.24414	0.083089359	29891.70508	21861.05093
0.642845197	16311.52832	0.084135309	29891.70508	21829.13941
0.64285679	16423.66602	0.103695132	30029.49414	21700.63321
0.642868349	16325.6084	0.104999214	30029.49414	21707.31464
0.642879925	16331.56836	0.090033159	30029.49414	21649.5956
0.642891502	16408.30664	0.082516566	30029.49414	21750.30676
0.642903079	16388.10156	0.072586015	30029.49414	21749.57353
0.642914648	16391.89453	0.059731908	30106.89453	21659.07731
0.642926209	16259.74609	0.048495702	30106.89453	21624.78477
0.642937798	16302.88965	0.040812783	30106.89453	21612.10287
0.642949372	16303.41504	0.033968255	30106.89453	21637.92497
0.642960938	16428.91602	0.029772766	30106.89453	21746.4714
0.642972519	16297.81348	0.025321676	30195.77148	21550.81324
0.642984093	16357.22559	0.021567022	30195.77148	21560.23456
0.642995661	16348.20898	0.019984881	30195.77148	21594.55809
0.643007238	16289.69336	0.01584905	30195.77148	21554.6235
0.643018817	16239.16699	0.015852662	30195.77148	21466.61629
0.643030388	16395.69336	0.015450174	30300.76563	21573.66671
0.643041958	16348.67285	0.013477102	30300.76563	21534.41122
0.643053538	16322.21875	0.013282058	30300.76563	21440.98858
0.643065097	16254.60449	0.012292993	30300.76563	21393.57872
0.643076673	16437.79297	0.011899595	30300.76563	21562.69443
0.643088266	16319.53906	0.00913816	30414.67383	21335.34201
0.643099846	16362.42383	0.007488717	30414.67383	21406.28797
0.643111414	16299.50879	0.007293914	30414.67383	21369.50089
0.643122977	16346.07324	0.007558126	30414.67383	21366.4437
0.643134561	16299.50098	0.007491064	30414.67383	21370.79437
0.643146147	16611.1582	0.006565088	30541.32813	21603.10551
0.643157704	16940.07227	0.006111491	30541.32813	21756.44689
0.64316928	17062.69727	0.0052477	30541.32813	21801.02429
0.643180849	17244.28516	0.005320601	30541.32813	21946.51789
0.643192431	17238.68359	0.004791394	30541.32813	21880.32543
0.64320402	17172.96289	-0.002173654	30620.41406	21803.24167
0.643215586	17353.29492	0.022356829	30620.41406	21929.3491
0.643227156	17234.92969	0.061142061	30620.41406	21887.01327
0.643238732	17260.39063	0.133969054	30620.41406	21842.59107
0.643250302	17208.74805	0.170074359	30620.41406	21821.16238
0.643261867	17311.85156	0.205652207	30587.59375	22002.78497
0.643273448	17188.17773	0.303324491	30587.59375	21873.6547
0.643285022	17174.54688	0.444824725	30587.59375	21901.34985
0.643296599	17263.85156	0.512812734	30587.59375	21878.21532
0.643308162	17204.47461	0.632573724	30587.59375	21848.57806
0.643319751	17284.53906	0.714496851	30532.73633	22057.1356
0.643331311	17465.67383	0.827827156	30532.73633	22145.95984
0.64334288	17407.99219	0.93210882	30532.73633	22132.21975
0.643354471	17520.0332	1.053640962	30532.73633	22173.52923
0.643366043	17351.58594	1.192479849	30532.73633	22044.87333
0.64337761	17330.23047	1.31651926	30502.05664	22087.02385
0.643389197	17375.54492	1.39916718	30502.05664	22090.30335
0.643400761	17354.57617	1.505812168	30502.05664	22034.67065
0.643412338	17366.98828	1.649830937	30502.05664	22043.48826
0.643423909	17412.26172	1.810054898	30502.05664	22091.06698
0.643435494	17394.78125	1.944911242	30519.04102	22054.27216
0.643447058	17316.97461	2.055451393	30519.04102	22114.70431
0.643458634	17340.06055	2.17803669	30519.04102	22084.84731
0.64347022	17446.10156	2.313276291	30519.04102	22130.69926
0.643481769	17313.98047	2.448258638	30519.04102	22010.34616
0.643493372	17357.56641	2.597651243	30479.58203	22012.29936
0.643504942	17330.22852	2.74057579	30479.58203	22087.11353
0.643516514	17364.38672	2.813837528	30479.58203	22078.93804
0.643528086	17305.44336	2.943925858	30479.58203	22078.2568
0.64353966	17354.60547	3.110013485	30479.58203	22132.15169
0.643551237	17322.50195	3.224928379	30445.52148	22081.14055
0.643562812	17386.23438	3.332044363	30445.52148	22056.57803
0.643574382	17472.67383	3.460598946	30445.52148	22225.23667
0.643585944	17416.54883	3.58970356	30445.52148	22219.27456
0.643597541	17403.71094	3.716253996	30445.52148	22176.0278
0.643609095	17388.36328	3.863235474	30424.7168	22085.17251
0.643620679	17326.79102	3.965724468	30424.7168	22070.43253
0.643632251	17305.44336	4.089725018	30424.7168	22115.95792
0.643643817	17290.48047	4.16042614	30424.7168	22120.77697
0.643655401	17276.70117	4.373095512	30424.7168	22082.51065
0.643666977	17303.68164	4.476611614	30389.9668	22129.81233
0.643678552	17286.57617	4.598575115	30389.9668	22098.32001
0.643690133	17337.04297	4.709280491	30389.9668	22144.82524
0.643701692	17349.0332	4.789124966	30389.9668	22192.43829
0.643713285	17292.97461	4.888435841	30389.9668	22038.07216
0.643724853	17221.30469	4.987232208	30356.54297	22093.01736
0.643736422	17296.42969	5.116196156	30356.54297	22176.81102
0.643747992	17215.16797	5.224876881	30356.54297	22098.55102
0.643759571	17196.72461	5.355212688	30356.54297	22082.35517
0.643771149	17285.26563	5.441528797	30356.54297	22070.03988
0.643782713	17182.8457	5.492610455	30305.72461	22089.90257
0.643794294	17156.06836	5.630090237	30305.72461	22076.62166
0.643805878	17151.80664	5.751541138	30305.72461	22042.45462
0.643817448	17140.32813	5.80069828	30305.72461	22020.0408
0.643829008	17121.84375	5.911669731	30305.72461	22033.52497
0.6438406	17137.23828	5.947340012	30167.10352	22270.87455
0.643852151	17090.39063	6.03924942	30167.10352	22193.73222
0.64386373	17123.98438	6.102348805	30167.10352	22151.53787
0.64387531	17042.69141	6.162928104	30167.10352	22067.52347
0.643886881	17029.8125	6.258560181	30167.10352	22118.65104
0.643898451	16975.66602	6.322209358	30062.91797	22135.88204
0.643910016	16927.94531	6.412994862	30062.91797	22109.68235
0.643921599	17043.35742	6.482281685	30062.91797	22142.76279
0.643933183	16946.47266	6.574347496	30062.91797	22144.98229
